0 1
0 2
0 3
0 4
0 6
0 7
0 9
0 11
0 15
0 17
0 18
0 21
0 22
0 25
0 30
0 32
0 35
0 36
0 40
0 42
0 43
0 49
0 51
0 57
0 60
0 63
0 66
0 67
0 68
0 77
0 80
0 83
0 85
0 86
0 90
0 91
0 93
0 101
0 102
0 108
0 109
0 114
0 118
0 121
0 122
0 124
0 125
0 128
0 129
0 131
0 132
0 133
0 134
0 136
0 137
0 138
0 141
0 143
0 147
0 153
0 161
0 162
0 165
0 167
0 170
0 174
0 175
0 178
0 179
0 184
0 186
0 188
0 191
0 192
0 194
0 195
0 199
0 200
0 203
0 207
0 208
0 210
0 212
0 213
0 218
0 219
0 220
0 222
0 223
0 224
0 226
0 227
0 233
0 234
0 239
0 240
0 242
0 245
0 249
0 251
0 253
0 257
0 258
0 259
0 262
0 263
0 267
0 268
0 269
0 270
0 272
0 273
0 278
0 279
0 280
0 285
0 286
0 289
0 294
0 295
0 296
0 299
0 301
0 302
0 303
0 307
0 312
0 316
0 320
0 321
0 323
0 324
0 325
0 326
0 327
0 328
0 329
0 330
0 331
0 332
0 333
0 334
0 335
0 336
0 337
0 338
0 339
0 341
0 344
0 348
0 349
0 350
0 352
0 353
0 357
0 358
0 360
0 361
0 362
0 363
0 367
0 368
0 370
0 372
0 374
0 378
0 381
0 382
0 383
0 388
0 390
0 392
0 393
0 397
0 398
0 401
0 405
0 407
0 408
0 411
0 418
0 421
0 429
0 433
0 434
0 435
0 438
0 440
0 441
0 448
0 449
0 451
0 453
0 454
0 455
0 456
0 459
0 460
0 461
0 463
0 464
0 466
0 468
0 469
0 470
0 471
0 472
0 473
0 477
0 478
0 482
0 484
0 486
0 490
0 491
0 492
0 494
0 495
0 497
0 498
0 499
0 500
0 501
0 502
0 505
0 506
0 508
0 511
0 515
0 516
0 517
0 518
0 519
0 523
0 525
0 527
0 528
0 529
0 531
0 536
0 539
0 540
0 541
0 546
0 547
0 549
0 552
0 555
0 557
0 558
0 559
0 560
0 561
0 564
0 565
0 569
0 572
0 573
0 574
0 577
0 579
0 580
0 592
0 594
0 595
0 600
0 602
0 603
0 605
0 611
0 616
0 622
0 623
0 628
0 629
0 630
0 631
0 635
0 636
0 637
0 638
0 640
0 641
0 644
0 646
0 648
0 649
1 1
1 2
1 3
1 4
1 6
1 7
1 9
1 11
1 15
1 17
1 18
1 21
1 22
1 25
1 30
1 32
1 35
1 36
1 40
1 42
1 43
1 49
1 51
1 57
1 60
1 63
1 66
1 67
1 68
1 77
1 80
1 83
1 85
1 86
1 90
1 91
1 93
1 101
1 102
1 108
1 109
1 114
1 118
1 121
1 122
1 124
1 125
1 128
1 129
1 131
1 132
1 133
1 134
1 136
1 137
1 138
1 141
1 143
1 147
1 153
1 161
1 162
1 165
1 167
1 170
1 174
1 175
1 178
1 179
1 184
1 186
1 188
1 191
1 192
1 194
1 195
1 199
1 200
1 203
1 207
1 208
1 210
1 212
1 213
1 218
1 219
1 220
1 222
1 223
1 224
1 226
1 227
1 233
1 234
1 239
1 240
1 242
1 245
1 249
1 251
1 253
1 257
1 258
1 259
1 262
1 263
1 267
1 268
1 269
1 270
1 272
1 273
1 278
1 279
1 280
1 285
1 286
1 289
1 294
1 295
1 296
1 299
1 301
1 302
1 303
1 307
1 312
1 316
1 320
1 321
1 323
1 324
1 325
1 326
1 327
1 328
1 329
1 330
1 331
1 332
1 333
1 334
1 335
1 336
1 337
1 338
1 339
1 341
1 344
1 348
1 349
1 350
1 352
1 353
1 357
1 358
1 360
1 361
1 362
1 363
1 367
1 368
1 370
1 372
1 374
1 378
1 381
1 382
1 383
1 388
1 390
1 392
1 393
1 397
1 398
1 401
1 405
1 407
1 408
1 411
1 418
1 421
1 429
1 433
1 434
1 435
1 438
1 440
1 441
1 448
1 449
1 451
1 453
1 454
1 455
1 456
1 459
1 460
1 461
1 463
1 464
1 466
1 468
1 469
1 470
1 471
1 472
1 473
1 477
1 478
1 482
1 484
1 486
1 490
1 491
1 492
1 494
1 495
1 497
1 498
1 499
1 500
1 501
1 502
1 505
1 506
1 508
1 511
1 515
1 516
1 517
1 518
1 519
1 523
1 525
1 527
1 528
1 529
1 531
1 536
1 539
1 540
1 541
1 546
1 547
1 549
1 552
1 555
1 557
1 558
1 559
1 560
1 561
1 564
1 565
1 569
1 572
1 573
1 574
1 577
1 579
1 580
1 592
1 594
1 595
1 600
1 602
1 603
1 605
1 611
1 616
1 622
1 623
1 628
1 629
1 630
1 631
1 635
1 636
1 637
1 638
1 640
1 641
1 644
1 646
1 648
1 649
2 1
2 2
2 3
2 4
2 6
2 7
2 9
2 11
2 15
2 17
2 18
2 21
2 22
2 25
2 30
2 32
2 35
2 36
2 40
2 42
2 43
2 49
2 51
2 57
2 60
2 63
2 66
2 67
2 68
2 77
2 80
2 83
2 85
2 86
2 90
2 91
2 93
2 101
2 102
2 108
2 109
2 114
2 118
2 121
2 122
2 124
2 125
2 128
2 129
2 131
2 132
2 133
2 134
2 136
2 137
2 138
2 141
2 143
2 147
2 153
2 161
2 162
2 165
2 167
2 170
2 174
2 175
2 178
2 179
2 184
2 186
2 188
2 191
2 192
2 194
2 195
2 199
2 200
2 203
2 207
2 208
2 210
2 212
2 213
2 218
2 219
2 220
2 222
2 223
2 224
2 226
2 227
2 233
2 234
2 239
2 240
2 242
2 245
2 249
2 251
2 253
2 257
2 258
2 259
2 262
2 263
2 267
2 268
2 269
2 270
2 272
2 273
2 278
2 279
2 280
2 285
2 286
2 289
2 294
2 295
2 296
2 299
2 301
2 302
2 303
2 307
2 312
2 316
2 320
2 321
2 323
2 324
2 325
2 326
2 327
2 328
2 329
2 330
2 331
2 332
2 333
2 334
2 335
2 336
2 337
2 338
2 339
2 341
2 344
2 348
2 349
2 350
2 352
2 353
2 357
2 358
2 360
2 361
2 362
2 363
2 367
2 368
2 370
2 372
2 374
2 378
2 381
2 382
2 383
2 388
2 390
2 392
2 393
2 397
2 398
2 401
2 405
2 407
2 408
2 411
2 418
2 421
2 429
2 433
2 434
2 435
2 438
2 440
2 441
2 448
2 449
2 451
2 453
2 454
2 455
2 456
2 459
2 460
2 461
2 463
2 464
2 466
2 468
2 469
2 470
2 471
2 472
2 473
2 477
2 478
2 482
2 484
2 486
2 490
2 491
2 492
2 494
2 495
2 497
2 498
2 499
2 500
2 501
2 502
2 505
2 506
2 508
2 511
2 515
2 516
2 517
2 518
2 519
2 523
2 525
2 527
2 528
2 529
2 531
2 536
2 539
2 540
2 541
2 546
2 547
2 549
2 552
2 555
2 557
2 558
2 559
2 560
2 561
2 564
2 565
2 569
2 572
2 573
2 574
2 577
2 579
2 580
2 592
2 594
2 595
2 600
2 602
2 603
2 605
2 611
2 616
2 622
2 623
2 628
2 629
2 630
2 631
2 635
2 636
2 637
2 638
2 640
2 641
2 644
2 646
2 648
2 649
3 1
3 2
3 3
3 4
3 6
3 7
3 9
3 11
3 15
3 17
3 18
3 21
3 22
3 25
3 30
3 32
3 35
3 36
3 40
3 42
3 43
3 49
3 51
3 57
3 60
3 63
3 66
3 67
3 68
3 77
3 80
3 83
3 85
3 86
3 90
3 91
3 93
3 101
3 102
3 108
3 109
3 114
3 118
3 121
3 122
3 124
3 125
3 128
3 129
3 131
3 132
3 133
3 134
3 136
3 137
3 138
3 141
3 143
3 147
3 153
3 161
3 162
3 165
3 167
3 170
3 174
3 175
3 178
3 179
3 184
3 186
3 188
3 191
3 192
3 194
3 195
3 199
3 200
3 203
3 207
3 208
3 210
3 212
3 213
3 218
3 219
3 220
3 222
3 223
3 224
3 226
3 227
3 233
3 234
3 239
3 240
3 242
3 245
3 249
3 251
3 253
3 257
3 258
3 259
3 262
3 263
3 267
3 268
3 269
3 270
3 272
3 273
3 278
3 279
3 280
3 285
3 286
3 289
3 294
3 295
3 296
3 299
3 301
3 302
3 303
3 307
3 312
3 316
3 320
3 321
3 323
3 324
3 325
3 326
3 327
3 328
3 329
3 330
3 331
3 332
3 333
3 334
3 335
3 336
3 337
3 338
3 339
3 341
3 344
3 348
3 349
3 350
3 352
3 353
3 357
3 358
3 360
3 361
3 362
3 363
3 367
3 368
3 370
3 372
3 374
3 378
3 381
3 382
3 383
3 388
3 390
3 392
3 393
3 397
3 398
3 401
3 405
3 407
3 408
3 411
3 418
3 421
3 429
3 433
3 434
3 435
3 438
3 440
3 441
3 448
3 449
3 451
3 453
3 454
3 455
3 456
3 459
3 460
3 461
3 463
3 464
3 466
3 468
3 469
3 470
3 471
3 472
3 473
3 477
3 478
3 482
3 484
3 486
3 490
3 491
3 492
3 494
3 495
3 497
3 498
3 499
3 500
3 501
3 502
3 505
3 506
3 508
3 511
3 515
3 516
3 517
3 518
3 519
3 523
3 525
3 527
3 528
3 529
3 531
3 536
3 539
3 540
3 541
3 546
3 547
3 549
3 552
3 555
3 557
3 558
3 559
3 560
3 561
3 564
3 565
3 569
3 572
3 573
3 574
3 577
3 579
3 580
3 592
3 594
3 595
3 600
3 602
3 603
3 605
3 611
3 616
3 622
3 623
3 628
3 629
3 630
3 631
3 635
3 636
3 637
3 638
3 640
3 641
3 644
3 646
3 648
3 649
4 1
4 2
4 3
4 4
4 6
4 7
4 9
4 11
4 15
4 17
4 18
4 21
4 22
4 25
4 30
4 32
4 35
4 36
4 40
4 42
4 43
4 49
4 51
4 57
4 60
4 63
4 66
4 67
4 68
4 77
4 80
4 83
4 85
4 86
4 90
4 91
4 93
4 101
4 102
4 108
4 109
4 114
4 118
4 121
4 122
4 124
4 125
4 128
4 129
4 131
4 132
4 133
4 134
4 136
4 137
4 138
4 141
4 143
4 147
4 153
4 161
4 162
4 165
4 167
4 170
4 174
4 175
4 178
4 179
4 184
4 186
4 188
4 191
4 192
4 194
4 195
4 199
4 200
4 203
4 207
4 208
4 210
4 212
4 213
4 218
4 219
4 220
4 222
4 223
4 224
4 226
4 227
4 233
4 234
4 239
4 240
4 242
4 245
4 249
4 251
4 253
4 257
4 258
4 259
4 262
4 263
4 267
4 268
4 269
4 270
4 272
4 273
4 278
4 279
4 280
4 285
4 286
4 289
4 294
4 295
4 296
4 299
4 301
4 302
4 303
4 307
4 312
4 316
4 320
4 321
4 323
4 324
4 325
4 326
4 327
4 328
4 329
4 330
4 331
4 332
4 333
4 334
4 335
4 336
4 337
4 338
4 339
4 341
4 344
4 348
4 349
4 350
4 352
4 353
4 357
4 358
4 360
4 361
4 362
4 363
4 367
4 368
4 370
4 372
4 374
4 378
4 381
4 382
4 383
4 388
4 390
4 392
4 393
4 397
4 398
4 401
4 405
4 407
4 408
4 411
4 418
4 421
4 429
4 433
4 434
4 435
4 438
4 440
4 441
4 448
4 449
4 451
4 453
4 454
4 455
4 456
4 459
4 460
4 461
4 463
4 464
4 466
4 468
4 469
4 470
4 471
4 472
4 473
4 477
4 478
4 482
4 484
4 486
4 490
4 491
4 492
4 494
4 495
4 497
4 498
4 499
4 500
4 501
4 502
4 505
4 506
4 508
4 511
4 515
4 516
4 517
4 518
4 519
4 523
4 525
4 527
4 528
4 529
4 531
4 536
4 539
4 540
4 541
4 546
4 547
4 549
4 552
4 555
4 557
4 558
4 559
4 560
4 561
4 564
4 565
4 569
4 572
4 573
4 574
4 577
4 579
4 580
4 592
4 594
4 595
4 600
4 602
4 603
4 605
4 611
4 616
4 622
4 623
4 628
4 629
4 630
4 631
4 635
4 636
4 637
4 638
4 640
4 641
4 644
4 646
4 648
4 649
5 1
5 2
5 3
5 4
5 6
5 7
5 9
5 11
5 15
5 17
5 18
5 21
5 22
5 25
5 30
5 32
5 35
5 36
5 40
5 42
5 43
5 49
5 51
5 57
5 60
5 63
5 66
5 67
5 68
5 77
5 80
5 83
5 85
5 86
5 90
5 91
5 93
5 101
5 102
5 108
5 109
5 114
5 118
5 121
5 122
5 124
5 125
5 128
5 129
5 131
5 132
5 133
5 134
5 136
5 137
5 138
5 141
5 143
5 147
5 153
5 161
5 162
5 165
5 167
5 170
5 174
5 175
5 178
5 179
5 184
5 186
5 188
5 191
5 192
5 194
5 195
5 199
5 200
5 203
5 207
5 208
5 210
5 212
5 213
5 218
5 219
5 220
5 222
5 223
5 224
5 226
5 227
5 233
5 234
5 239
5 240
5 242
5 245
5 249
5 251
5 253
5 257
5 258
5 259
5 262
5 263
5 267
5 268
5 269
5 270
5 272
5 273
5 278
5 279
5 280
5 285
5 286
5 289
5 294
5 295
5 296
5 299
5 301
5 302
5 303
5 307
5 312
5 316
5 320
5 321
5 323
5 324
5 325
5 326
5 327
5 328
5 329
5 330
5 331
5 332
5 333
5 334
5 335
5 336
5 337
5 338
5 339
5 341
5 344
5 348
5 349
5 350
5 352
5 353
5 357
5 358
5 360
5 361
5 362
5 363
5 367
5 368
5 370
5 372
5 374
5 378
5 381
5 382
5 383
5 388
5 390
5 392
5 393
5 397
5 398
5 401
5 405
5 407
5 408
5 411
5 418
5 421
5 429
5 433
5 434
5 435
5 438
5 440
5 441
5 448
5 449
5 451
5 453
5 454
5 455
5 456
5 459
5 460
5 461
5 463
5 464
5 466
5 468
5 469
5 470
5 471
5 472
5 473
5 477
5 478
5 482
5 484
5 486
5 490
5 491
5 492
5 494
5 495
5 497
5 498
5 499
5 500
5 501
5 502
5 505
5 506
5 508
5 511
5 515
5 516
5 517
5 518
5 519
5 523
5 525
5 527
5 528
5 529
5 531
5 536
5 539
5 540
5 541
5 546
5 547
5 549
5 552
5 555
5 557
5 558
5 559
5 560
5 561
5 564
5 565
5 569
5 572
5 573
5 574
5 577
5 579
5 580
5 592
5 594
5 595
5 600
5 602
5 603
5 605
5 611
5 616
5 622
5 623
5 628
5 629
5 630
5 631
5 635
5 636
5 637
5 638
5 640
5 641
5 644
5 646
5 648
5 649
